0   50 60   0   0   0   0   0   0   0     0    0    0   0    1000 0
    0  70   40  30  0   50  0   0   0     0    0    0  1100  1150 0 
        0   50  0  60   0  70   0   0     0    0    0    0    0   0
            0   0  180 100  0   0  260    0    0    0    0    0   0
                0   0   0   0   0   0     0    0    0    0   1500 0
                    0   0  30  100  0     0    0    0    0    0   0
                        0   0   0  150   200  400   0    0    0   0
                            0  50   0     0    0   150   0    0  0
                                0  20    20    0   70    0    0   0
                                    0    30    0    0    0    0   0
                                          0   130  80    0    0   0
                                               0   50    0    0   0
                                                    0    0    0   0
                                                         0   100 150
                                                              0  50
                                                                  0
