   1   2   3   4   5   6   7   8   9   10   11   12   13   14   15  16 
1  0   76  0   0   0   0   0   0   0  189    0    0   520   0   478  0
2      0   0  129 151  0  174 261  0   0     0    0    0    0    0   0 
3          0  157  0   0   99  0   0  238    0    0    0    0   221  0
4              0   0   0    0    0    233   251   0    0    0   531  0
5                  0   0   0   0   0   0     0    0    0    0   620  0
6                      0   0  160 262  84   131   0    0    0    0   0
7                          0   0   0  144    0    0    0    0    0   0
8                              0   0   0     0    0    0    0   458  0
9                                  0   0    157  123  127   0    0   0
10                                     0    65    0    0    0    0   0
11                                           0    0   142   0    0   0
12                                                0   55    0    0   0
13                                                     0    0    0  389
14                                                          0   51  101
15                                                               0  137
16                                                                   0
